ver de eliminar, esto es el command window de la consulta con el seba

>> parabola_carga_neumann

y =

  Columns 1 through 5

                   0   0.100000000000000   0.200000000000000   0.300000000000000   0.400000000000000

  Columns 6 through 10

   0.500000000000000   0.600000000000000   0.700000000000000   0.800000000000000   0.900000000000000

  Column 11

   1.000000000000000


x =

  Columns 1 through 5

   3.000000000000000   3.720000000000000   4.280000000000000   4.680000000000000   4.920000000000000

  Columns 6 through 10

   5.000000000000000   4.920000000000000   4.680000000000000   4.279999999999999   3.720000000000000

  Column 11

   3.000000000000000


q = 

    @(y)-8*(y).^2+8*y+3


l0 =

     0


l1 =

     1


n =

     5


y0 =

     0


yf =

   0.100000000000000

 
Area =
 
253/750
 

yf =

   0.200000000000000

 
Area =
 
[ 253/750, 301/750]
 

yf =

   0.300000000000000

 
Area =
 
[ 253/750, 301/750, 337/750]
 

yf =

   0.400000000000000

 
Area =
 
[ 253/750, 301/750, 337/750, 361/750]
 

yf =

   0.500000000000000

 
Area =
 
[ 253/750, 301/750, 337/750, 361/750, 373/750]
 

yf =

   0.600000000000000

 
Area =
 
[ 253/750, 301/750, 337/750, 361/750, 373/750, 373/750]
 

yf =

   0.700000000000000

 
Area =
 
[ 253/750, 301/750, 337/750, 361/750, 373/750, 373/750, 361/750]
 

yf =

   0.800000000000000

 
Area =
 
[ 253/750, 301/750, 337/750, 361/750, 373/750, 373/750, 361/750, 337/750]
 

yf =

   0.900000000000000

 
Area =
 
[ 253/750, 301/750, 337/750, 361/750, 373/750, 373/750, 361/750, 337/750, 301/750]
 

yf =

   1.000000000000000

 
Area =
 
[ 253/750, 301/750, 337/750, 361/750, 373/750, 373/750, 361/750, 337/750, 301/750, 253/750]
 
Undefined function or variable 'dx'.

Error in parabola_carga_neumann (line 27)
A1 = int(q,y,3*dx,1);
 
>> parabola_carga_neumann

y =

  Columns 1 through 4

                   0   0.100000000000000   0.200000000000000   0.300000000000000

  Columns 5 through 8

   0.400000000000000   0.500000000000000   0.600000000000000   0.700000000000000

  Columns 9 through 11

   0.800000000000000   0.900000000000000   1.000000000000000


x =

  Columns 1 through 4

   3.000000000000000   3.720000000000000   4.280000000000000   4.680000000000000

  Columns 5 through 8

   4.920000000000000   5.000000000000000   4.920000000000000   4.680000000000000

  Columns 9 through 11

   4.279999999999999   3.720000000000000   3.000000000000000


q = 

    @(y)-8*(y).^2+8*y+3


l0 =

     0


l1 =

     1


n =

     5


y0 =

     0


yf =

   0.100000000000000

 
Area =
 
[ 253/750, 301/750, 337/750, 361/750, 373/750, 373/750, 361/750, 337/750, 301/750, 253/750]
 

yf =

   0.200000000000000

 
Area =
 
[ 253/750, 301/750, 337/750, 361/750, 373/750, 373/750, 361/750, 337/750, 301/750, 253/750]
 

yf =

   0.300000000000000

 
Area =
 
[ 253/750, 301/750, 337/750, 361/750, 373/750, 373/750, 361/750, 337/750, 301/750, 253/750]
 

yf =

   0.400000000000000

 
Area =
 
[ 253/750, 301/750, 337/750, 361/750, 373/750, 373/750, 361/750, 337/750, 301/750, 253/750]
 

yf =

   0.500000000000000

 
Area =
 
[ 253/750, 301/750, 337/750, 361/750, 373/750, 373/750, 361/750, 337/750, 301/750, 253/750]
 

yf =

   0.600000000000000

 
Area =
 
[ 253/750, 301/750, 337/750, 361/750, 373/750, 373/750, 361/750, 337/750, 301/750, 253/750]
 

yf =

   0.700000000000000

 
Area =
 
[ 253/750, 301/750, 337/750, 361/750, 373/750, 373/750, 361/750, 337/750, 301/750, 253/750]
 

yf =

   0.800000000000000

 
Area =
 
[ 253/750, 301/750, 337/750, 361/750, 373/750, 373/750, 361/750, 337/750, 301/750, 253/750]
 

yf =

   0.900000000000000

 
Area =
 
[ 253/750, 301/750, 337/750, 361/750, 373/750, 373/750, 361/750, 337/750, 301/750, 253/750]
 

yf =

   1.000000000000000

 
Area =
 
[ 253/750, 301/750, 337/750, 361/750, 373/750, 373/750, 361/750, 337/750, 301/750, 253/750]
 
Undefined function or variable 'A1'.

Error in parabola_carga_neumann (line 35)
F_12 = A1
 
>> parabola_carga_neumann

y =

  Columns 1 through 4

                   0   0.100000000000000   0.200000000000000   0.300000000000000

  Columns 5 through 8

   0.400000000000000   0.500000000000000   0.600000000000000   0.700000000000000

  Columns 9 through 11

   0.800000000000000   0.900000000000000   1.000000000000000


x =

  Columns 1 through 4

   3.000000000000000   3.720000000000000   4.280000000000000   4.680000000000000

  Columns 5 through 8

   4.920000000000000   5.000000000000000   4.920000000000000   4.680000000000000

  Columns 9 through 11

   4.279999999999999   3.720000000000000   3.000000000000000


q = 

    @(y)-8*(y).^2+8*y+3


l0 =

     0


l1 =

     1


n =

     5


y0 =

     0


yf =

   0.100000000000000

 
Area =
 
[ 253/750, 301/750, 337/750, 361/750, 373/750, 373/750, 361/750, 337/750, 301/750, 253/750]
 

yf =

   0.200000000000000

 
Area =
 
[ 253/750, 301/750, 337/750, 361/750, 373/750, 373/750, 361/750, 337/750, 301/750, 253/750]
 

yf =

   0.300000000000000

 
Area =
 
[ 253/750, 301/750, 337/750, 361/750, 373/750, 373/750, 361/750, 337/750, 301/750, 253/750]
 

yf =

   0.400000000000000

 
Area =
 
[ 253/750, 301/750, 337/750, 361/750, 373/750, 373/750, 361/750, 337/750, 301/750, 253/750]
 

yf =

   0.500000000000000

 
Area =
 
[ 253/750, 301/750, 337/750, 361/750, 373/750, 373/750, 361/750, 337/750, 301/750, 253/750]
 

yf =

   0.600000000000000

 
Area =
 
[ 253/750, 301/750, 337/750, 361/750, 373/750, 373/750, 361/750, 337/750, 301/750, 253/750]
 

yf =

   0.700000000000000

 
Area =
 
[ 253/750, 301/750, 337/750, 361/750, 373/750, 373/750, 361/750, 337/750, 301/750, 253/750]
 

yf =

   0.800000000000000

 
Area =
 
[ 253/750, 301/750, 337/750, 361/750, 373/750, 373/750, 361/750, 337/750, 301/750, 253/750]
 

yf =

   0.900000000000000

 
Area =
 
[ 253/750, 301/750, 337/750, 361/750, 373/750, 373/750, 361/750, 337/750, 301/750, 253/750]
 

yf =

   1.000000000000000

 
Area =
 
[ 253/750, 301/750, 337/750, 361/750, 373/750, 373/750, 361/750, 337/750, 301/750, 253/750]
 
>> q

q = 

    @(y)-8*(y).^2+8*y+3

>> analysis
>> u'

